0 0.264706 0.940534 0.226381 0.118932
0 0.561497 0.865291 0.231729 0.148058
0 0.866310 0.944175 0.188948 0.111650
0 0.696078 0.758495 0.187166 0.104369
0 0.360071 0.655340 0.135472 0.058252
0 0.426025 0.605583 0.135472 0.055825
0 0.109626 0.641990 0.126560 0.084951
0 0.919786 0.739078 0.085561 0.065534
0 0.699643 0.631068 0.076649 0.038835
0 0.797683 0.652913 0.058824 0.024272
0 0.893048 0.665049 0.106952 0.033981
0 0.824421 0.627427 0.105169 0.046117
0 0.639929 0.547330 0.110517 0.046117
0 0.095365 0.560680 0.080214 0.033981
0 0.241533 0.544903 0.083779 0.031553
0 0.316399 0.515777 0.094474 0.050971